Alabama
0
0
0
0
0
0
0
0
0
0
0
0
0
0
0
0
0
0
0
0
0
0
0
0
0
0
0
0
0
0
0
0
0
0
0
0
0
0
0
0
0
0
0
0
0
0
0
0
0
0
0
0
0
0
0
0
0
0
0
0
0
0
0
0
1
2
1
0
1
6
3
14
4
6
6
1
8
11
3
11
2
13
0
11
10
9
14
14
-4
13
4
22
15
-4
12
4
6
9
14
20
10
17
-1
2
8
17
28
26
14
7
3
10
32
15
23
10
2
3
1
15
18
7
12
8
2
15
14
3
8
19
8
12
16
7
0
0
23
13
3
26
11
15
11
14
4
0
1
11
5
20
12
16
1
2
23
27
5
11
12
0
10
21
22
13
21
1
0
0
26
25

Alaska
0
0
0
0
0
0
0
0
0
0
0
0
0
0
0
0
0
0
0
0
0
0
0
0
0
0
0
0
0
0
0
0
0
0
0
0
0
0
0
0
0
0
0
0
0
0
0
0
0
0
0
0
0
0
0
0
0
0
0
0
0
0
0
0
0
0
1
0
1
0
0
0
0
0
1
1
0
0
1
0
0
1
0
0
1
0
0
0
0
0
0
0
0
0
0
0
0
0
0
0
0
0
0
0
0
0
1
0
0
0
0
0
0
0
0
0
0
0
0
0
0
0
0
0
0
0
0
0
0
0
0
0
0
0
0
0
0
0
0
0
1
0
0
1
0
0
0
0
0
0
0
0
0
0
0
0
0
2
0
0
0
0
0
0
1
1
0
0
1
0

Arizona
0
0
0
0
0
0
0
0
0
0
0
0
0
0
0
0
0
0
0
0
0
0
0
0
0
0
0
0
0
0
0
0
0
0
0
0
0
0
0
0
0
0
0
0
0
0
0
0
0
0
0
0
0
0
0
0
0
0
0
1
0
1
0
4
0
2
7
0
3
2
4
5
6
6
12
11
3
10
3
9
8
15
5
5
9
11
10
22
7
7
3
22
23
21
11
7
2
0
20
11
12
10
23
9
0
33
31
24
67
15
4
6
20
32
30
27
28
1
6
18
43
16
12
24
1
6
1
24
26
28
18
3
12
25
40
17
16
30
2
4
22
26
30
27
33
4
10
24
24
35
35
25
3
4
44
69
28
42
44
13
4
47
81
40
36
19
8
3
101
40

Arkansas
0
0
0
0
0
0
0
0
0
0
0
0
0
0
0
0
0
0
0
0
0
0
0
0
0
0
0
0
0
0
0
0
0
0
0
0
0
0
0
0
0
0
0
0
0
0
0
0
0
0
0
0
0
0
0
0
0
0
0
0
0
0
0
2
0
1
0
2
1
1
1
2
2
0
2
2
0
2
0
3
3
1
2
3
2
2
3
0
1
1
3
1
1
1
2
1
2
1
6
2
2
3
8
4
4
3
4
1
0
0
3
3
1
2
1
0
0
0
2
2
5
3
3
2
1
1
2
1
5
7
1
0
0
3
6
9
1
2
0
1
6
4
6
5
1
2
3
6
9
11
6
10
1
2
10
3
0
9
10
5
1
5
7
2
2
5
1
5
9
4

California
0
0
0
0
0
0
0
0
0
0
0
0
0
0
0
0
0
0
0
0
0
0
0
0
0
0
0
0
0
0
0
0
0
0
0
0
0
0
0
0
0
0
0
1
0
0
0
0
1
1
1
0
1
0
1
5
3
3
2
5
4
7
4
13
16
15
21
18
10
15
37
28
35
35
41
28
35
61
59
42
46
38
44
49
53
107
86
79
96
30
47
93
109
123
71
73
24
84
84
77
96
90
66
22
62
89
92
83
89
82
37
51
82
112
25
153
62
36
32
100
92
110
66
78
22
18
51
102
81
102
70
28
45
73
62
62
66
76
27
26
96
94
72
45
73
30
31
82
81
76
66
70
22
44
76
91
82
62
30
35
42
104
85
95
52
14
40
83
111
145

Colorado
0
0
0
0
0
0
0
0
0
0
0
0
0
0
0
0
0
0
0
0
0
0
0
0
0
0
0
0
0
0
0
0
0
0
0
0
0
0
0
0
0
0
0
0
0
0
0
0
0
0
0
1
1
0
0
0
1
0
2
0
1
1
3
1
8
5
7
13
3
4
18
11
16
14
16
14
10
29
13
35
26
21
16
18
21
26
19
15
20
12
27
36
42
31
115
-2
8
27
29
30
11
43
12
10
9
52
18
23
16
7
4
17
23
53
29
59
42
23
9
33
42
11
14
3
5
1
19
41
29
15
6
2
13
16
20
18
12
3
0
16
10
20
10
12
3
1
6
12
14
7
5
4
0
4
14
2
2
4
1
2
6
8
7
4
0
2
0
1
5
-2

Connecticut
0
0
0
0
0
0
0
0
0
0
0
0
0
0
0
0
0
0
0
0
0
0
0
0
0
0
0
0
0
0
0
0
0
0
0
0
0
0
0
0
0
0
0
0
0
0
0
0
0
0
0
0
0
0
0
0
0
1
3
0
1
3
2
2
7
2
6
6
1
2
33
16
27
20
33
24
17
71
58
45
68
46
60
48
69
197
103
65
50
41
204
92
121
95
125
98
63
87
77
79
89
82
97
0
120
77
85
79
77
58
35
41
33
84
94
66
54
69
41
23
57
53
55
38
18
49
27
34
23
42
44
32
20
8
17
18
31
17
16
13
13
23
26
13
27
15
3
6
9
7
12
13
9
3
14
10
11
9
4
5
4
2
2
2
9
0
0
3
0
5

Delaware
0
0
0
0
0
0
0
0
0
0
0
0
0
0
0
0
0
0
0
0
0
0
0
0
0
0
0
0
0
0
0
0
0
0
0
0
0
0
0
0
0
0
0
0
0
0
0
0
0
0
0
0
0
0
0
0
0
0
0
0
0
0
0
0
0
1
1
3
1
1
3
1
1
2
0
0
1
1
3
4
9
1
2
6
2
3
6
9
6
0
5
10
7
3
8
12
8
5
12
7
8
7
9
9
5
5
6
9
11
8
3
1
12
10
13
11
15
4
7
7
6
7
5
2
2
6
3
9
1
11
5
5
2
5
2
11
2
2
8
0
12
3
1
0
5
3
1
1
2
5
2
1
1
0
69
1
2
0
0
0
0
2
0
1
2
0
0
0
2
1

Florida
0
0
0
0
0
0
0
0
0
0
0
0
0
0
0
0
0
0
0
0
0
0
0
0
0
0
0
0
0
0
0
0
0
0
0
0
0
0
0
0
0
0
0
0
0
2
0
0
0
0
0
0
0
1
0
1
2
1
1
1
2
2
5
2
3
6
17
10
4
12
13
15
44
25
25
26
33
42
27
48
48
27
15
38
72
43
54
58
22
26
49
44
60
60
59
9
19
14
83
46
51
46
50
15
20
72
68
61
69
46
6
14
44
48
48
42
47
9
24
55
44
48
46
43
4
15
7
60
45
49
34
4
9
70
36
41
53
28
12
12
53
36
47
29
48
6
7
55
25
43
43
40
17
12
65
43
46
39
24
29
28
58
45
67
67
18
29
47
63
48

Georgia
0
0
0
0
0
0
0
0
0
0
0
0
0
0
0
0
0
0
0
0
0
0
0
0
0
0
0
0
0
0
0
0
0
0
0
0
0
0
0
0
0
0
0
0
0
0
0
0
0
0
0
1
0
0
0
0
0
2
7
4
6
5
0
13
9
9
8
15
4
20
23
28
22
22
10
11
75
54
22
42
13
7
6
41
38
52
42
50
9
12
85
43
27
34
18
8
10
74
41
64
35
32
8
7
60
49
32
23
46
2
3
37
50
24
27
42
10
11
40
26
22
77
30
15
5
21
47
37
38
11
20
46
38
13
22
24
27
4
1
28
74
42
45
47
27
5
41
35
44
29
31
6
1
4
39
12
46
23
6
2
4
19
21
22
7
1
3
17
21
21

Hawaii
0
0
0
0
0
0
0
0
0
0
0
0
0
0
0
0
0
0
0
0
0
0
0
0
0
0
0
0
0
0
0
0
0
0
0
0
0
0
0
0
0
0
0
0
0
0
0
0
0
0
0
0
0
0
0
0
0
0
0
0
0
0
0
0
0
0
0
0
0
0
1
0
1
1
0
1
1
0
0
1
2
0
1
0
0
0
0
0
0
1
0
2
0
0
1
1
0
2
0
0
0
0
0
1
0
0
0
0
0
0
0
0
0
0
0
0
0
0
0
0
0
0
0
0
0
0
0
0
0
0
0
0
0
0
0
0
0
0
0
0
0
0
0
0
0
0
0
0
0
0
0
0
0
0
0
0
0
0
1
0
0
0
0
0
1
0
0
0
0
0

Idaho
0
0
0
0
0
0
0
0
0
0
0
0
0
0
0
0
0
0
0
0
0
0
0
0
0
0
0
0
0
0
0
0
0
0
0
0
0
0
0
0
0
0
0
0
0
0
0
0
0
0
0
0
0
0
0
0
0
0
0
0
0
0
0
0
0
3
1
1
1
1
2
0
0
1
0
0
3
2
4
5
1
2
0
6
6
2
0
2
1
1
3
3
3
0
0
2
0
2
2
0
3
0
1
0
0
2
1
0
0
0
0
2
0
0
3
1
0
0
1
3
0
0
2
0
0
0
2
1
0
0
0
0
1
0
0
0
0
0
0
0
2
0
1
1
0
1
1
0
0
1
0
0
0
0
0
1
0
0
1
-1
0
1
0
1
1
0
0
0
0
4

Illinois
0
0
0
0
0
0
0
0
0
0
0
0
0
0
0
0
0
0
0
0
0
0
0
0
0
0
0
0
0
0
0
0
0
0
0
0
0
0
0
0
0
0
0
0
0
0
0
0
0
0
0
0
0
0
0
0
1
0
3
1
1
3
3
4
5
5
11
13
21
13
23
39
19
47
36
35
26
75
80
70
73
75
45
73
78
80
123
61
130
30
57
120
98
119
108
80
59
49
140
89
140
103
112
56
41
170
134
162
123
100
64
54
137
198
130
130
74
49
59
142
148
87
106
77
67
28
48
158
107
83
60
58
32
109
98
107
62
64
41
203
95
65
86
81
22
21
31
65
79
50
64
45
19
24
36
61
38
35
24
15
17
21
24
37
25
12
7
9
31
34

Indiana
0
0
0
0
0
0
0
0
0
0
0
0
0
0
0
0
0
0
0
0
0
0
0
0
0
0
0
0
0
0
0
0
0
0
0
0
0
0
0
0
0
0
0
0
0
0
0
0
0
0
0
0
0
0
0
1
1
0
0
3
1
3
3
5
2
4
9
6
2
4
17
19
14
24
18
15
20
37
38
49
58
36
16
9
44
53
43
45
34
19
14
65
33
47
40
46
31
4
60
73
49
61
54
17
18
62
51
37
33
43
18
32
38
41
27
45
50
10
14
59
40
49
28
23
12
8
20
26
38
42
15
9
8
55
10
24
27
34
11
13
23
16
25
16
17
9
11
14
28
16
25
20
4
13
16
9
8
9
21
3
5
16
10
12
20
5
6
5
19
15

Iowa
0
0
0
0
0
0
0
0
0
0
0
0
0
0
0
0
0
0
0
0
0
0
0
0
0
0
0
0
0
0
0
0
0
0
0
0
0
0
0
0
0
0
0
0
0
0
0
0
0
0
0
0
0
0
0
0
0
0
0
0
0
0
0
1
0
0
2
0
1
2
1
2
2
0
0
11
3
1
1
0
4
3
7
3
0
9
7
4
10
1
4
4
7
6
11
5
6
9
9
12
14
8
5
9
4
19
12
12
12
9
13
6
18
17
12
18
10
5
4
12
33
14
27
5
10
4
20
16
14
15
6
6
21
6
10
16
7
5
4
17
6
9
3
9
1
1
9
9
7
3
1
4
1
1
3
4
8
2
0
2
6
5
0
2
2
0
0
4
7
7

Kansas
0
0
0
0
0
0
0
0
0
0
0
0
0
0
0
0
0
0
0
0
0
0
0
0
0
0
0
0
0
0
0
0
0
0
0
0
0
0
0
0
0
0
0
0
0
0
0
0
0
0
0
1
0
0
0
0
0
0
0
0
1
0
0
1
0
0
1
2
1
2
1
1
3
5
2
2
2
5
8
4
8
5
1
7
6
7
4
4
2
8
7
6
4
1
5
2
1
6
1
5
1
3
4
2
12
6
3
1
3
5
0
2
4
1
2
6
2
0
1
3
4
2
1
0
0
1
3
3
2
0
0
2
6
10
0
3
3
1
0
3
1
3
1
1
1
0
2
0
2
4
2
3
1
2
1
1
1
3
3
3
4
0
4
2
1
1
3
1
2
1

Kentucky
0
0
0
0
0
0
0
0
0
0
0
0
0
0
0
0
0
0
0
0
0
0
0
0
0
0
0
0
0
0
0
0
0
0
0
0
0
0
0
0
0
0
0
0
0
0
0
0
0
0
0
0
0
0
0
1
0
0
1
0
1
0
0
0
2
0
3
1
0
2
7
2
14
0
6
4
8
14
7
11
6
4
4
8
9
9
7
9
5
4
6
17
13
9
9
5
3
5
15
4
5
8
4
4
11
11
8
16
2
8
0
13
8
1
7
2
3
0
8
15
12
12
5
1
0
4
4
13
4
10
7
0
4
6
7
11
7
4
1
6
7
4
15
12
2
0
-3
6
6
4
2
0
2
5
10
2
8
6
0
2
7
4
9
8
3
0
0
13
9
4

Louisiana
0
0
0
0
0
0
0
0
0
0
0
0
0
0
0
0
0
0
0
0
0
0
0
0
0
0
0
0
0
0
0
0
0
0
0
0
0
0
0
0
0
0
0
0
0
0
0
0
0
0
0
0
0
1
1
1
2
2
3
0
6
4
14
12
19
18
36
18
16
33
54
35
35
60
42
65
35
70
70
50
53
51
34
44
129
90
53
57
54
29
32
77
127
67
61
43
26
11
61
44
60
65
23
19
52
51
52
41
19
40
19
22
39
34
36
31
31
12
72
18
27
21
40
14
7
0
11
21
18
26
19
6
10
34
35
13
29
13
11
8
13
11
19
9
8
10
4
24
20
7
15
20
1
12
17
18
12
26
0
9
0
22
17
17
23
0
10
8
23
20

Maine
0
0
0
0
0
0
0
0
0
0
0
0
0
0
0
0
0
0
0
0
0
0
0
0
0
0
0
0
0
0
0
0
0
0
0
0
0
0
0
0
0
0
0
0
0
0
0
0
0
0
0
0
0
0
0
0
0
0
0
0
0
0
0
0
0
0
1
0
2
0
2
2
0
2
1
0
0
2
2
2
1
2
0
0
1
4
3
2
3
2
1
1
3
5
3
3
0
1
0
1
1
2
1
1
0
4
1
0
1
1
0
1
0
1
3
0
1
0
1
2
0
0
2
2
1
0
1
2
3
1
4
0
0
5
1
0
3
0
1
0
1
0
0
0
0
0
1
0
1
0
0
0
0
0
0
1
0
0
1
0
1
0
0
0
0
2
2
0
1
0

Maryland
0
0
0
0
0
0
0
0
0
0
0
0
0
0
0
0
0
0
0
0
0
0
0
0
0
0
0
0
0
0
0
0
0
0
0
0
0
0
0
0
0
0
0
0
0
0
0
0
0
0
0
0
0
0
0
0
0
1
0
1
1
0
0
1
0
0
1
5
1
4
3
15
3
6
12
14
24
12
20
15
33
35
29
26
40
111
46
35
40
14
34
70
46
50
50
77
35
35
71
62
61
53
59
30
36
73
53
60
57
54
30
39
73
53
57
45
46
35
31
58
42
36
48
36
34
25
31
59
36
38
43
23
20
45
44
27
34
38
9
27
35
33
31
25
26
13
8
35
14
20
14
22
14
8
18
16
21
13
15
11
7
15
15
7
11
13
7
3
20
9

Massachusetts
0
0
0
0
0
0
0
0
0
0
0
0
0
0
0
0
0
0
0
0
0
0
0
0
0
0
0
0
0
0
0
0
0
0
0
0
0
0
0
0
0
0
0
0
0
0
0
0
0
0
0
0
0
0
0
0
0
0
0
1
1
3
4
2
4
10
10
9
4
8
33
33
32
38
24
15
29
96
77
70
96
87
70
88
113
151
137
159
156
146
103
152
221
178
196
174
169
104
150
252
157
154
130
158
86
122
208
132
150
138
139
129
33
174
167
110
113
92
65
76
128
82
80
76
68
44
57
74
93
78
50
78
189
50
67
49
34
54
27
37
55
46
38
46
38
48
22
18
69
36
30
28
30
16
16
48
25
50
28
20
35
-41
27
51
17
23
11
15
15
30

Michigan
0
0
0
0
0
0
0
0
0
0
0
0
0
0
0
0
0
0
0
0
0
0
0
0
0
0
0
0
0
0
0
0
0
0
0
0
0
0
0
0
0
0
0
0
0
0
0
0
0
0
0
0
0
0
0
0
0
1
2
1
2
3
7
8
19
20
30
19
20
65
67
72
81
61
63
76
110
118
114
117
204
115
93
115
164
153
172
135
80
82
77
232
115
164
107
189
41
92
160
104
118
78
154
29
86
44
71
93
50
133
25
33
90
40
73
38
55
11
24
102
43
69
29
65
5
12
26
68
38
34
57
28
34
37
17
25
250
40
4
18
30
12
27
9
23
3
5
14
2
23
7
20
3
7
12
5
19
1
19
4
4
32
5
14
3
3
0
3
31
10

Minnesota
0
0
0
0
0
0
0
0
0
0
0
0
0
0
0
0
0
0
0
0
0
0
0
0
0
0
0
0
0
0
0
0
0
0
0
0
0
0
0
0
0
0
0
0
0
0
0
0
0
0
0
0
0
0
0
0
0
0
0
0
1
0
0
0
0
1
2
1
4
1
2
5
1
4
2
5
1
4
5
11
7
7
6
0
9
8
7
17
10
13
9
17
19
21
21
23
28
14
15
18
24
28
24
24
9
27
30
23
26
24
20
13
23
24
34
20
17
22
9
17
29
32
33
10
17
12
18
34
35
29
30
14
10
22
15
29
33
22
16
11
20
39
13
25
9
15
6
9
13
19
17
11
8
4
9
7
9
5
6
8
10
6
6
13
8
0
5
3
3
9

Mississippi
0
0
0
0
0
0
0
0
0
0
0
0
0
0
0
0
0
0
0
0
0
0
0
0
0
0
0
0
0
0
0
0
0
0
0
0
0
0
0
0
0
0
0
0
0
0
0
0
0
0
0
0
0
0
0
0
0
0
1
0
0
0
0
0
4
1
2
5
1
2
4
2
4
3
6
8
8
8
8
9
6
11
3
2
13
11
7
11
12
7
10
14
10
8
8
12
6
2
10
11
11
20
10
12
7
32
32
22
13
12
9
5
22
8
15
13
17
11
7
26
16
10
16
20
9
10
17
18
23
17
13
11
5
28
15
12
9
8
6
20
10
21
0
13
8
2
4
20
23
5
0
0
0
35
11
22
5
6
13
4
20
14
9
10
11
4
4
3
44
30

Missouri
0
0
0
0
0
0
0
0
0
0
0
0
0
0
0
0
0
0
0
0
0
0
0
0
0
0
0
0
0
0
0
0
0
0
0
0
0
0
0
0
0
0
0
0
0
0
0
0
0
0
0
0
0
0
0
0
0
1
0
2
0
0
1
1
3
0
1
2
1
1
2
6
7
8
8
8
4
24
6
8
11
11
0
20
15
13
6
14
10
2
5
20
15
12
19
13
2
14
28
7
10
14
18
5
9
21
21
20
32
11
10
10
16
20
16
15
14
8
8
22
12
27
10
5
4
5
4
7
10
25
42
2
2
11
4
5
10
7
0
9
22
7
12
11
6
0
5
8
21
39
10
2
0
5
13
8
5
13
2
2
3
11
12
7
4
2
0
6
15
6

Montana
0
0
0
0
0
0
0
0
0
0
0
0
0
0
0
0
0
0
0
0
0
0
0
0
0
0
0
0
0
0
0
0
0
0
0
0
0
0
0
0
0
0
0
0
0
0
0
0
0
0
0
0
0
0
0
0
0
0
0
0
0
0
0
0
0
0
1
0
0
3
1
0
0
0
1
0
0
0
0
0
0
0
0
1
0
0
0
1
2
0
2
0
2
0
0
0
0
0
1
1
0
0
0
0
0
0
0
0
0
0
0
0
0
0
0
0
0
0
0
0
0
0
0
0
0
0
1
0
0
0
0
0
0
0
0
0
1
0
0
0
0
0
0
0
0
1
0
0
1
0
0
0
0
1
0
0
0
1
0
0
0
0
0
0
1
0
0
0
0
0

Nebraska
0
0
0
0
0
0
0
0
0
0
0
0
0
0
0
0
0
0
0
0
0
0
0
0
0
0
0
0
0
0
0
0
0
0
0
0
0
0
0
0
0
0
0
0
0
0
0
0
0
0
0
0
0
0
0
0
0
0
0
0
0
0
0
0
0
0
2
0
0
1
1
1
1
0
2
0
2
2
2
1
3
0
0
1
2
1
2
0
4
0
5
5
4
4
4
2
2
0
2
11
3
2
3
2
1
3
4
6
1
3
2
2
3
4
11
5
7
0
3
4
5
7
1
1
3
2
5
8
2
7
0
1
5
4
2
4
0
3
0
0
3
10
8
4
0
0
5
10
3
5
5
0
3
3
7
1
3
4
1
0
2
6
3
2
1
0
0
1
1
4

Nevada
0
0
0
0
0
0
0
0
0
0
0
0
0
0
0
0
0
0
0
0
0
0
0
0
0
0
0
0
0
0
0
0
0
0
0
0
0
0
0
0
0
0
0
0
0
0
0
0
0
0
0
0
0
0
0
1
0
0
0
1
0
0
2
2
4
0
0
4
1
3
8
6
6
5
3
0
12
2
20
2
4
25
2
1
16
7
5
9
4
3
5
0
24
8
8
3
0
13
6
12
6
11
3
5
4
10
10
7
8
5
0
6
9
10
8
6
4
1
14
9
5
3
6
5
2
2
0
6
8
5
2
2
1
0
9
0
7
1
1
4
3
4
11
2
1
1
2
1
6
2
4
7
1
3
2
2
1
3
2
0
5
2
5
13
5
0
7
0
12
7

New Hampshire
0
0
0
0
0
0
0
0
0
0
0
0
0
0
0
0
0
0
0
0
0
0
0
0
0
0
0
0
0
0
0
0
0
0
0
0
0
0
0
0
0
0
0
0
0
0
0
0
0
0
0
0
0
0
0
0
0
0
0
0
0
0
1
0
0
0
1
0
1
0
0
1
1
2
2
0
0
4
5
3
1
1
0
0
4
5
2
3
1
3
1
0
6
3
2
7
0
0
0
6
6
9
3
2
0
6
19
3
7
10
2
0
9
8
1
8
12
1
0
10
8
9
5
4
1
1
4
9
9
6
4
3
0
11
9
8
5
5
3
0
8
7
7
7
3
2
0
6
4
1
6
2
0
0
4
4
10
8
2
0
0
4
2
2
1
4
1
1
2
2

New Jersey
0
0
0
0
0
0
0
0
0
0
0
0
0
0
0
0
0
0
0
0
0
0
0
0
0
0
0
0
0
0
0
0
0
0
0
0
0
0
0
0
0
0
0
0
0
0
0
0
0
1
0
0
0
1
0
1
0
2
4
2
5
4
7
17
18
20
26
32
21
38
68
88
184
108
200
70
88
227
272
196
232
251
167
93
362
351
362
322
230
132
175
376
310
305
249
246
75
106
398
328
458
310
204
129
39
334
305
252
151
164
139
55
198
194
244
192
111
107
79
151
161
96
142
96
52
11
47
148
62
130
103
64
23
49
110
90
79
57
70
38
89
74
66
46
100
36
51
51
42
31
35
22
13
25
54
46
1877
42
34
27
17
43
43
29
57
25
22
18
52
142

New Mexico
0
0
0
0
0
0
0
0
0
0
0
0
0
0
0
0
0
0
0
0
0
0
0
0
0
0
0
0
0
0
0
0
0
0
0
0
0
0
0
0
0
0
0
0
0
0
0
0
0
0
0
0
0
0
0
0
0
0
0
0
0
0
0
0
1
0
0
1
0
2
1
1
1
3
1
1
0
1
3
1
2
1
6
5
5
0
8
7
2
2
3
7
6
7
6
9
6
5
6
2
11
8
8
12
5
6
7
3
9
10
9
8
11
12
11
11
6
6
5
6
7
11
8
6
9
3
5
4
6
9
7
5
6
5
8
8
4
5
4
4
4
6
11
5
5
4
5
7
5
4
8
2
3
0
7
4
5
4
2
1
1
4
3
3
8
2
0
2
4
8

New York
0
0
0
0
0
0
0
0
0
0
0
0
0
0
0
0
0
0
0
0
0
0
0
0
0
0
0
0
0
0
0
0
0
0
0
0
0
0
0
0
0
0
0
0
0
0
0
0
0
0
0
0
0
2
4
4
8
14
7
29
27
47
41
81
117
121
143
290
245
332
417
486
548
753
819
800
814
1036
953
1028
996
997
957
882
1003
936
732
804
668
652
619
628
607
565
547
567
478
463
510
510
329
225
194
541
212
240
928
250
152
226
214
205
279
166
169
138
198
215
134
135
103
123
139
98
146
92
103
98
99
97
77
87
67
81
71
93
55
57
60
56
70
67
55
80
54
40
40
38
39
45
49
23
45
50
36
31
28
46
30
32
6
633
15
23
22
24
35
16
23
11

North Carolina
0
0
0
0
0
0
0
0
0
0
0
0
0
0
0
0
0
0
0
0
0
0
0
0
0
0
0
0
0
0
0
0
0
0
0
0
0
0
0
0
0
0
0
0
0
0
0
0
0
0
0
0
0
0
0
0
0
0
0
0
0
0
0
0
1
1
1
1
2
0
4
1
6
6
7
7
5
8
11
13
4
8
0
5
25
12
12
19
16
8
4
30
25
11
17
34
5
22
22
13
19
20
23
8
18
23
20
24
16
17
7
10
26
18
17
28
11
8
5
27
10
13
20
9
8
9
9
38
32
29
15
8
12
27
21
22
8
19
4
17
28
27
18
14
7
4
17
29
13
11
14
16
6
5
26
19
10
14
15
4
3
21
27
13
11
1
0
10
22
24

North Dakota
0
0
0
0
0
0
0
0
0
0
0
0
0
0
0
0
0
0
0
0
0
0
0
0
0
0
0
0
0
0
0
0
0
0
0
0
0
0
0
0
0
0
0
0
0
0
0
0
0
0
0
0
0
0
0
0
0
0
0
0
0
0
0
0
0
0
1
0
0
2
0
0
0
0
0
0
0
1
0
1
2
0
1
1
0
0
0
0
0
1
3
0
1
1
0
1
1
2
0
0
0
4
1
1
0
0
6
0
2
2
0
1
2
2
0
2
0
1
1
1
4
2
1
0
1
1
0
5
1
2
1
1
0
4
1
0
5
1
0
0
0
1
1
0
0
0
0
0
1
3
1
0
1
0
1
2
1
0
0
1
0
0
1
0
0
0
0
0
0
0

Ohio
0
0
0
0
0
0
0
0
0
0
0
0
0
0
0
0
0
0
0
0
0
0
0
0
0
0
0
0
0
0
0
0
0
0
0
0
0
0
0
0
0
0
0
0
0
0
0
0
0
0
0
0
0
0
0
0
0
0
0
1
2
0
3
2
3
4
7
3
5
10
15
10
16
10
11
17
23
25
26
20
18
16
6
21
50
37
28
29
33
20
38
48
53
46
34
21
17
25
46
138
38
27
19
17
18
79
90
46
35
25
10
16
79
47
51
47
29
15
32
63
61
55
36
84
13
18
15
42
54
33
18
6
51
52
41
40
16
15
7
27
17
36
33
18
46
3
16
24
14
22
34
30
3
4
31
20
17
16
16
3
11
45
13
27
0
4
4
16
43
21

Oklahoma
0
0
0
0
0
0
0
0
0
0
0
0
0
0
0
0
0
0
0
0
0
0
0
0
0
0
0
0
0
0
0
0
0
0
0
0
0
0
0
0
0
0
0
0
0
0
0
0
0
0
0
0
0
0
0
0
0
0
1
0
0
1
0
1
2
2
1
7
1
1
6
7
4
4
4
4
5
16
12
1
8
5
3
2
11
14
8
5
3
1
3
21
5
10
9
6
1
2
10
7
8
8
8
0
0
9
6
7
6
4
2
2
4
0
6
1
3
0
0
6
5
5
3
4
0
2
5
4
4
3
5
0
0
5
2
3
1
2
1
0
5
2
2
2
0
0
0
4
1
2
1
1
1
0
2
1
3
2
7
1
0
2
2
6
3
0
0
1
5
3

Oregon
0
0
0
0
0
0
0
0
0
0
0
0
0
0
0
0
0
0
0
0
0
0
0
0
0
0
0
0
0
0
0
0
0
0
0
0
0
0
0
0
0
0
0
0
0
0
0
0
0
0
0
0
0
1
0
0
1
1
0
0
1
1
0
3
2
1
1
1
0
3
2
1
2
1
4
1
2
4
5
6
4
3
1
1
2
3
6
6
2
2
1
3
0
5
3
1
4
1
7
2
2
1
5
0
0
4
2
6
3
3
0
3
0
4
3
0
0
0
1
2
4
1
2
0
1
0
0
0
3
0
2
0
1
3
2
0
2
2
1
0
5
0
2
2
2
1
4
2
1
4
1
0
2
2
0
3
4
5
0
0
2
3
1
1
2
3
2
0
5
4

Pennslyvania
0
0
0
0
0
0
0
0
0
0
0
0
0
0
0
0
0
0
0
0
0
0
0
0
0
0
0
0
0
0
0
0
0
0
0
0
0
0
0
0
0
0
0
0
0
0
0
0
0
0
0
0
0
0
0
0
0
1
0
0
1
1
3
2
4
4
7
12
5
8
24
6
13
11
38
19
11
71
72
31
91
80
10
38
183
87
107
87
123
135
81
254
100
3
63
56
29
75
146
300
188
91
123
49
37
326
154
239
125
69
26
27
78
180
194
134
58
14
56
115
119
93
145
89
24
14
16
115
107
70
70
18
19
96
72
120
90
34
11
10
63
73
44
42
35
11
32
30
39
41
29
21
5
3
36
57
34
23
27
3
8
32
9
54
32
3
4
1
37
29

Rhode Island
0
0
0
0
0
0
0
0
0
0
0
0
0
0
0
0
0
0
0
0
0
0
0
0
0
0
0
0
0
0
0
0
0
0
0
0
0
0
0
0
0
0
0
0
0
0
0
0
0
0
0
0
0
0
0
0
0
0
0
0
0
0
0
0
0
0
0
2
1
1
4
2
2
2
3
8
2
3
5
8
6
7
7
10
7
7
18
13
19
13
5
16
10
8
13
13
11
7
6
12
15
13
17
24
21
14
15
18
11
19
4
8
14
18
6
11
10
10
7
26
6
18
23
18
11
0
26
21
22
16
18
7
2
12
10
14
16
0
0
27
9
4
11
10
0
0
18
14
11
9
9
0
0
9
3
6
8
7
0
0
19
4
6
3
1
0
0
0
9
2

South Carolina
0
0
0
0
0
0
0
0
0
0
0
0
0
0
0
0
0
0
0
0
0
0
0
0
0
0
0
0
0
0
0
0
0
0
0
0
0
0
0
0
0
0
0
0
0
0
0
0
0
0
0
0
0
0
0
1
0
0
0
2
0
0
2
3
0
1
4
2
1
2
4
4
5
3
6
4
4
3
12
4
5
8
2
5
10
10
2
7
3
1
4
11
5
10
7
9
8
3
15
40
12
12
11
8
8
13
9
11
4
10
1
15
9
7
9
9
0
5
6
8
8
9
3
6
10
5
6
20
4
13
4
7
6
1
17
7
13
7
1
11
11
7
13
5
6
1
2
5
10
4
18
5
9
6
14
10
10
1
17
5
4
19
27
18
9
20
7
7
19
38

South Dakota
0
0
0
0
0
0
0
0
0
0
0
0
0
0
0
0
0
0
0
0
0
0
0
0
0
0
0
0
0
0
0
0
0
0
0
0
0
0
0
0
0
0
0
0
0
0
0
0
0
1
0
0
0
0
0
0
0
0
0
0
0
0
0
0
0
0
0
0
0
0
0
0
1
0
0
0
2
2
0
0
0
0
0
0
0
0
1
0
0
0
0
1
1
0
1
0
1
0
0
2
4
4
0
0
0
3
5
2
0
3
0
0
5
0
4
1
0
0
0
2
0
1
3
0
0
0
0
4
0
5
3
0
0
0
0
2
1
0
0
0
3
1
4
1
1
0
0
2
1
0
3
0
0
0
2
1
3
1
3
0
0
0
2
4
0
0
0
0
1
0

Tennessee
0
0
0
0
0
0
0
0
0
0
0
0
0
0
0
0
0
0
0
0
0
0
0
0
0
0
0
0
0
0
0
0
0
0
0
0
0
0
0
0
0
0
0
0
0
0
0
0
0
0
0
0
0
0
0
0
0
0
0
0
2
0
0
0
1
0
3
0
1
6
0
10
9
6
9
3
15
7
11
12
9
3
0
7
9
12
7
4
2
3
5
3
10
3
0
7
3
2
6
6
4
5
5
1
5
9
12
1
2
1
1
6
16
7
13
4
4
1
3
5
8
4
2
10
7
2
5
14
-1
4
4
0
1
17
8
15
4
8
1
3
13
6
5
20
4
2
10
10
6
11
4
8
3
6
10
13
10
11
8
0
8
12
5
10
14
4
9
7
11
21

Texas
0
0
0
0
0
0
0
0
0
0
0
0
0
0
0
0
0
0
0
0
0
0
0
0
0
0
0
0
0
0
0
0
0
0
0
0
0
0
0
0
0
0
0
0
0
0
0
0
0
0
0
0
0
0
0
1
0
1
2
1
0
2
0
4
2
8
4
5
5
11
11
8
15
18
26
12
23
18
18
33
21
16
23
32
45
30
33
33
26
16
20
29
19
30
24
37
14
23
39
38
52
25
22
15
24
41
30
31
43
27
24
27
32
36
51
44
30
26
6
43
38
37
18
24
11
3
16
46
20
27
31
7
12
37
34
27
28
19
6
10
30
30
26
23
24
6
23
39
42
38
31
18
9
18
33
46
29
41
36
9
23
52
36
44
46
38
20
60
90
119

Utah
0
0
0
0
0
0
0
0
0
0
0
0
0
0
0
0
0
0
0
0
0
0
0
0
0
0
0
0
0
0
0
0
0
0
0
0
0
0
0
0
0
0
0
0
0
0
0
0
0
0
0
0
0
0
0
0
0
0
0
0
0
1
0
0
0
0
1
0
0
2
1
2
0
0
1
0
5
0
0
0
4
1
0
0
1
1
1
2
2
2
1
4
2
1
4
2
0
0
4
0
1
0
3
1
0
6
3
2
0
5
1
1
5
3
0
1
1
2
0
8
2
2
1
4
0
1
3
4
1
1
5
1
0
0
4
0
3
1
0
3
3
1
3
8
0
0
4
2
4
3
3
0
3
0
5
0
1
2
1
0
1
4
1
3
5
0
3
6
4
7

Vermont
0
0
0
0
0
0
0
0
0
0
0
0
0
0
0
0
0
0
0
0
0
0
0
0
0
0
0
0
0
0
0
0
0
0
0
0
0
0
0
0
0
0
0
0
0
0
0
0
0
0
0
0
0
0
0
0
0
0
2
0
0
0
0
5
1
1
1
2
0
0
1
3
1
0
3
2
1
0
0
0
1
0
2
1
1
1
5
0
2
0
1
2
0
3
1
2
0
1
0
0
2
1
1
2
0
0
0
1
0
0
0
0
0
0
0
0
0
1
0
0
0
0
0
0
0
0
0
0
1
0
0
0
0
0
0
0
0
0
0
0
0
0
0
0
0
0
0
0
0
1
0
0
0
0
0
0
0
0
0
0
0
0
0
0
0
0
0
0
0
0

Virginia
0
0
0
0
0
0
0
0
0
0
0
0
0
0
0
0
0
0
0
0
0
0
0
0
0
0
0
0
0
0
0
0
0
0
0
0
0
0
0
0
0
0
0
0
0
0
0
0
0
0
0
0
0
1
0
0
1
0
0
0
1
3
0
1
2
5
0
3
5
4
1
-9
0
28
6
0
2
15
-9
49
12
9
11
8
5
41
13
30
20
19
23
25
24
26
38
23
12
10
34
30
30
29
35
44
24
29
0
56
43
15
12
11
41
36
28
22
25
7
5
27
33
25
37
23
12
37
28
45
57
20
12
5
17
15
21
17
8
7
12
5
19
18
6
14
7
5
6
18
13
3
16
5
4
9
25
16
14
25
24
8
8
23
23
30
29
4
4
0
28
24

Washington
0
0
0
0
0
0
0
0
0
0
0
0
0
0
0
0
0
0
0
0
0
0
0
0
0
0
0
0
0
0
0
0
0
0
0
0
0
0
0
1
2
3
4
1
0
1
4
3
3
2
5
3
5
3
2
6
6
14
7
8
12
2
13
13
7
22
27
14
16
12
5
24
22
21
25
26
39
26
21
26
27
15
13
14
27
20
16
22
19
8
24
22
13
21
14
12
14
14
21
13
17
7
4
7
6
17
18
22
12
10
14
18
15
5
14
17
7
1
4
22
3
9
7
1
7
7
15
15
10
4
6
0
7
6
6
5
10
3
0
5
13
2
15
9
9
4
3
11
-5
17
12
10
3
6
8
9
7
4
6
0
10
12
7
3
10
2
5
10
15
10

West Virginia
0
0
0
0
0
0
0
0
0
0
0
0
0
0
0
0
0
0
0
0
0
0
0
0
0
0
0
0
0
0
0
0
0
0
0
0
0
0
0
0
0
0
0
0
0
0
0
0
0
0
0
0
0
0
0
0
0
0
0
0
0
0
0
0
0
0
0
0
1
0
0
1
0
0
0
1
1
0
0
1
0
1
2
1
1
2
1
3
2
2
6
0
3
2
1
1
1
3
1
2
4
3
3
0
0
0
1
0
1
1
1
3
1
1
3
2
1
2
1
0
1
2
1
0
0
1
1
0
0
0
1
0
1
2
0
1
5
0
0
0
0
1
1
2
0
0
0
0
0
0
0
0
1
1
2
0
0
0
1
0
0
0
0
0
0
1
1
0
0
0

Wisconsin
0
0
0
0
0
0
0
0
0
0
0
0
0
0
0
0
0
0
0
0
0
0
0
0
0
0
0
0
0
0
0
0
0
0
0
0
0
0
0
0
0
0
0
0
0
0
0
0
0
0
0
0
0
0
0
0
0
0
2
1
1
0
1
0
2
3
6
1
0
3
5
8
4
13
10
13
10
11
13
9
15
10
4
10
17
12
13
8
7
10
9
12
4
10
5
4
8
7
19
8
8
11
7
5
1
13
9
12
10
14
2
9
9
3
13
11
8
0
6
8
14
6
9
11
3
4
3
22
11
19
19
6
3
13
8
9
7
12
2
2
12
17
12
7
2
2
1
7
9
6
11
15
0
0
7
11
6
0
11
0
0
7
1
7
3
0
0
1
12
1

Wyoming
0
0
0
0
0
0
0
0
0
0
0
0
0
0
0
0
0
0
0
0
0
0
0
0
0
0
0
0
0
0
0
0
0
0
0
0
0
0
0
0
0
0
0
0
0
0
0
0
0
0
0
0
0
0
0
0
0
0
0
0
0
0
0
0
0
0
0
0
0
0
0
0
0
0
0
0
0
0
0
0
0
0
0
1
0
1
0
0
0
0
0
4
0
1
0
0
0
0
0
0
0
0
0
0
0
0
0
0
0
0
0
0
0
0
0
0
0
1
2
0
1
1
0
0
0
0
1
1
1
0
1
0
1
0
0
0
0
0
0
0
0
1
0
0
0
0
0
0
0
0
2
0
0
0
0
0
0
0
0
0
0
0
0
0
0
0
0
0
1
0