Alabama
0
0
0
0
0
0
0
0
0
0
0
0
0
0
0
0
0
0
0
0
0
0
0
0
0
0
0
0
0
0
0
0
0
0
0
0
0
0
0
0
0
0
0
0
0
0
0
0
0
0
0
0
0
6
6
11
6
10
12
27
28
25
26
39
46
144
152
101
81
110
117
52
109
162
265
97
208
165
192
301
340
170
254
321
222
148
288
163
168
151
180
175
249
283
222
194
187
208
118
211
175
143
226
317
277
224
325
254
355
339
283
221
275
300
236
401
272
301
97
315
290
676
362
256
479
329
508
664
382
498
501
328
593
582
237
80
221
315
656
457
425
497
567
856
865
891
1014
657
640
400
894
796
547
472
433
643
967
1142
977
900
358
1734
870
917
1149
1754
997
1091
925
907
1177
2212
1334
1439
1640
1958
1710
1812
2021
2003
2143
1777
1880
1467
1455
2399
1793
2125
1164
1821
1251
1416
1980
1961
1626

Alaska
0
0
0
0
0
0
0
0
0
0
0
0
0
0
0
0
0
0
0
0
0
0
0
0
0
0
0
0
0
0
0
0
0
0
0
0
0
0
0
0
0
0
0
0
0
0
0
0
0
0
0
0
1
0
0
0
2
3
3
3
2
7
1
14
6
17
10
16
17
12
6
13
10
3
10
13
14
6
22
13
9
11
11
15
5
8
8
7
9
5
5
2
8
6
2
2
0
2
4
6
4
0
9
1
3
2
1
1
3
3
1
1
2
3
0
4
1
4
4
3
0
3
0
2
5
0
3
4
1
13
6
5
28
7
21
19
26
23
14
9
19
13
22
24
22
34
12
4
13
25
19
26
24
14
10
36
21
45
30
26
33
25
47
42
50
60
55
32
30
22
49
49
58
77
116
71
54
61
76
49
74
118
137
111
94
65
64
120
234
104
144
92
117
118
150

Arizona
0
0
0
0
0
0
1
0
0
0
0
0
0
0
0
0
0
0
0
0
0
0
0
0
0
0
0
0
0
0
0
0
0
0
0
0
0
0
0
0
0
0
0
1
0
0
1
2
0
1
0
3
0
0
3
1
5
2
8
19
23
34
49
81
92
76
106
157
108
157
239
129
115
187
169
250
250
197
111
149
292
94
281
146
163
104
156
272
273
212
210
135
187
208
310
276
235
246
190
232
254
446
314
402
276
279
386
402
238
581
434
159
261
356
440
498
495
462
306
233
396
331
418
293
432
299
222
222
479
501
702
790
681
187
1127
995
573
1551
1148
1407
837
635
1585
1544
1642
1606
1180
1052
2293
1861
2572
3183
3284
2468
2101
3630
1810
3090
3379
3476
3809
641
4797
4753
3343
4399
2722
3510
3416
3617
3551
4073
4164
3044
2488
1438
4209
3285
3319
3845
2758
2311
1676
3410
1929
2370
3363
3663
1986
1877
2076
2367
2544
3203
2900

Arkansas
0
0
0
0
0
0
0
0
0
0
0
0
0
0
0
0
0
0
0
0
0
0
0
0
0
0
0
0
0
0
0
0
0
0
0
0
0
0
0
0
0
0
0
0
0
0
0
0
0
0
0
1
5
1
2
7
6
0
11
29
38
18
47
36
30
76
43
35
24
40
59
56
60
59
55
5
110
74
70
80
69
56
26
52
195
23
101
21
75
82
4
190
291
130
207
211
99
92
68
58
80
74
29
62
59
38
56
86
83
53
0
265
31
121
72
130
97
115
181
54
110
80
455
154
163
147
107
151
97
261
239
236
240
190
375
249
358
226
450
325
314
340
288
448
731
548
406
416
274
415
322
703
511
419
522
595
697
687
678
570
508
439
520
420
878
547
587
605
439
259
734
806
751
1061
503
572
794
564
817
648
771
695
699
728
591
1013
990
732
642
824
734
787
791
752
662

California
0
0
0
0
0
1
1
0
0
0
0
1
0
3
0
0
0
0
0
0
0
1
0
0
0
0
0
0
0
0
0
1
1
0
0
2
0
15
0
1
1
5
5
7
10
12
14
19
12
60
7
23
50
68
61
97
110
144
161
174
216
261
307
389
404
539
877
855
651
755
1100
1162
1274
1333
1379
1227
1406
1159
1179
1503
1148
1175
1055
902
1011
1424
1349
1035
1256
1431
715
2318
1982
1729
1961
1834
1222
1101
1517
1362
2334
1566
1848
1435
1319
1261
2515
1939
1694
2135
2208
1227
1463
1636
2068
1729
2068
1918
1433
1577
2038
2144
2363
2313
2014
1928
2274
2907
1949
2198
2972
3057
3014
2529
2438
2326
2510
3593
2637
2850
2290
2958
2894
3570
3576
3149
2519
2709
3469
4250
3754
3708
4011
3953
5813
6419
4850
5524
5614
4426
5502
7040
8158
7611
8434
8100
8878
6411
6282
9897
8538
7212
7989
8525
7646
8530
10387
8904
9264
10161
8272
8266
8735
10171
12162
10647
9921
10231
6011
7765
7848
12904
6414
8004
7234

Colorado
0
0
0
0
0
0
0
0
0
0
0
0
0
0
0
0
0
0
0
0
0
0
0
0
0
0
0
0
0
0
0
0
0
0
0
0
0
0
0
0
0
0
0
0
0
2
6
0
0
4
5
17
15
29
25
33
25
22
33
62
86
111
116
130
191
174
346
303
326
254
313
362
356
382
454
392
376
222
257
226
547
308
383
410
388
250
339
395
372
386
297
376
341
431
384
993
712
473
364
435
441
527
454
457
409
272
457
464
544
455
548
328
198
310
339
371
394
397
305
265
280
315
392
295
476
208
116
297
222
341
486
482
280
199
211
272
300
255
233
153
182
164
151
148
175
195
113
169
143
231
228
286
162
190
165
188
262
324
317
226
284
205
203
314
323
272
293
200
216
401
468
419
606
423
300
370
458
479
577
592
402
371
467
503
595
662
689
749
517
359
697
465
453
610
409

Connecticut
0
0
0
0
0
0
0
0
0
0
0
0
0
0
0
0
0
0
0
0
0
0
0
0
0
0
0
0
0
0
0
0
0
0
0
0
0
0
0
0
0
0
0
0
0
0
0
0
1
1
0
1
3
5
9
6
15
27
28
63
35
29
104
88
203
257
137
279
233
469
578
557
429
267
1091
361
399
1231
875
1000
1003
754
972
525
1346
608
766
1129
925
741
412
1853
545
2109
631
821
661
687
728
315
455
933
1064
523
0
686
648
374
789
627
573
570
211
568
522
609
621
618
716
697
314
587
191
432
382
446
405
430
-15
271
203
260
179
539
239
112
148
221
358
150
124
87
168
114
228
305
94
147
114
80
11
117
158
40
27
117
14
81
65
147
97
59
152
58
74
71
0
0
259
57
75
101
78
0
0
223
20
106
114
143
0
0
162
41
127
9
544
0
0
207
94
463
130
140
0

Delaware
0
0
0
0
0
0
0
0
0
0
0
0
0
0
0
0
0
0
0
0
0
0
0
0
0
0
0
0
0
0
0
0
0
0
0
0
0
0
0
0
0
0
0
0
0
0
0
0
0
0
0
1
3
0
0
3
1
8
10
4
9
6
11
31
17
15
24
22
49
18
32
55
49
25
57
143
80
110
145
188
93
117
153
146
136
165
88
61
248
215
0
207
186
269
108
134
134
458
128
413
80
79
184
120
170
80
83
407
161
144
194
170
118
176
211
271
150
174
123
199
168
157
192
143
161
119
156
101
30
75
65
186
76
107
80
27
34
27
72
97
30
48
36
50
67
56
35
76
63
41
55
112
70
94
45
27
42
91
37
74
135
150
98
36
221
192
73
132
165
121
48
69
121
91
61
75
90
81
64
223
92
90
105
122
46
132
278
-27
115
116
70
126
87
99
89

Florida
0
0
0
0
0
0
0
0
0
0
0
0
0
0
0
0
0
0
0
0
0
0
0
0
0
0
0
0
0
0
0
0
0
0
0
0
0
0
0
0
0
2
0
1
0
1
3
5
1
1
9
3
20
24
0
39
32
69
116
108
130
200
236
222
245
504
507
720
840
905
752
1047
1027
1231
1260
1277
805
1279
1118
951
1129
1141
1018
877
1156
609
906
806
1413
739
822
744
811
440
1339
885
306
689
610
708
347
498
1037
735
615
819
542
563
826
371
802
595
386
941
479
808
928
673
777
854
502
527
1204
776
676
740
879
509
379
651
1212
927
739
667
617
1317
1419
1305
1270
1180
966
1096
1371
1698
1902
2581
2016
1758
2783
2610
3207
3822
4049
3494
2926
3286
5511
5004
8942
9585
8530
5266
6093
6563
10109
9488
11458
10059
6336
7347
9989
8935
11433
10360
15300
12624
9194
10181
13965
11466
10328
12478
10347
9440
9785
10249
12444
12199
9344
8892
9230
9446
9956
9007
9642

Georgia
0
0
0
0
0
0
0
0
0
0
0
0
0
0
0
0
0
0
0
0
0
0
0
0
0
0
0
0
0
0
0
0
0
0
0
0
0
0
0
0
0
0
2
0
0
0
1
4
4
6
5
9
0
10
24
32
21
24
51
89
200
70
68
180
295
290
256
557
249
236
349
1084
631
697
523
416
359
816
1598
1048
681
974
402
-158
1022
788
670
1061
1014
356
605
828
742
910
806
670
650
234
770
378
693
1131
1005
832
350
732
526
848
800
565
392
786
181
863
555
556
820
413
299
680
580
948
807
765
674
581
425
652
647
650
525
448
715
706
306
648
817
752
663
428
624
774
696
867
869
977
696
631
797
915
823
1077
1552
824
1212
1872
1713
1506
1746
1524
1734
2016
2464
2309
2886
2604
2513
1897
1526
2692
2831
2155
4904
2977
1815
3548
2642
3568
2701
3419
4074
2453
1994
3077
3255
4737
3875
3530
2214
2431
4131
3509
3998
3797
3492

Hawaii
0
0
0
0
0
0
0
0
0
0
0
0
0
0
0
0
0
0
0
0
0
0
0
0
0
0
0
0
0
0
0
0
0
0
0
0
0
0
0
0
0
0
0
0
0
0
1
0
1
0
0
0
0
0
2
3
3
4
2
10
11
11
8
21
13
5
11
14
31
24
29
20
34
25
34
32
20
16
23
25
7
23
21
13
5
9
13
11
12
21
6
4
2
6
4
5
2
2
1
2
3
4
1
1
0
1
3
1
3
0
1
1
2
1
3
0
1
1
1
0
1
2
4
-5
1
0
0
0
1
3
2
2
1
0
1
0
1
9
8
2
1
6
3
7
14
17
5
8
4
4
18
27
14
11
2
3
14
15
14
6
27
1
17
8
20
28
24
24
7
41
23
36
27
42
20
21
21
28
19
22
20
27
12
25
17
55
58
71
63
28
46
108
124
122
86

Idaho
0
0
0
0
0
0
0
0
0
0
0
0
0
0
0
0
0
0
0
0
0
0
0
0
0
0
0
0
0
0
0
0
0
0
0
0
0
0
0
0
0
0
0
0
0
0
0
0
0
0
0
0
0
1
4
0
0
4
2
12
8
11
5
3
23
50
66
43
30
48
105
111
143
222
121
64
24
70
40
22
134
59
13
19
42
39
49
22
46
13
4
64
30
36
34
34
17
10
20
35
32
32
19
26
-2
47
21
31
20
27
25
2
29
33
31
27
37
30
2
34
21
30
28
61
31
24
14
35
32
39
34
36
15
53
27
55
64
57
28
14
44
29
36
41
51
45
14
59
71
91
110
127
135
19
242
145
238
219
280
170
224
227
354
255
309
346
397
368
423
360
422
594
475
511
387
560
431
637
662
618
554
527
420
519
496
467
549
509
342
574
482
492
568
475
378

Illinois
0
0
0
0
1
0
0
0
0
0
1
0
0
0
0
0
0
0
0
0
0
0
0
0
0
0
0
0
0
0
0
0
0
0
0
0
0
0
0
0
1
0
1
0
0
1
1
0
1
4
8
6
7
14
20
28
10
55
127
134
163
168
296
238
250
339
664
491
518
1068
455
922
986
717
1209
1453
919
986
1287
1529
1344
1465
1293
1672
1173
1222
1346
1141
1841
1585
1197
1151
1551
2049
1827
2723
2119
2126
1980
2219
2253
2563
3137
2450
2994
2341
2049
2275
2638
2886
2320
1654
1461
4045
1706
3207
2447
2141
1691
2418
1520
2415
2282
2715
2390
2441
1707
1238
1126
1516
1666
1496
1298
1078
1578
1035
870
1168
934
819
1473
778
568
842
758
628
602
528
619
550
665
836
618
619
461
667
743
910
877
724
581
768
776
880
866
886
858
579
698
682
945
1133
1218
1124
825
933
767
1396
1225
1366
1257
985
1268
982
1608
1624
1610
1293
1410
1363
1146
1379
1865
1869
1531

Indiana
0
0
0
0
0
0
0
0
0
0
0
0
0
0
0
0
0
0
0
0
0
0
0
0
0
0
0
0
0
0
0
0
0
0
0
0
0
0
0
0
0
0
0
0
0
0
1
0
1
2
2
5
1
0
3
4
5
6
9
17
25
47
76
60
107
113
177
331
247
283
275
380
401
478
399
520
462
549
558
442
414
560
534
496
310
298
432
589
616
495
571
483
430
361
621
652
719
620
950
646
626
690
842
688
638
588
568
863
656
678
619
394
501
542
368
583
654
638
500
478
505
584
687
492
509
477
338
367
386
643
514
665
365
255
445
480
396
494
429
400
225
432
312
417
400
421
366
521
358
256
444
321
334
361
213
258
293
519
490
438
364
299
370
376
437
546
529
575
357
299
450
520
738
791
534
435
674
697
715
747
885
920
642
737
782
953
1002
949
851
536
841
660
965
917
973

Iowa
0
0
0
0
0
0
0
0
0
0
0
0
0
0
0
0
0
0
0
0
0
0
0
0
0
0
0
0
0
0
0
0
0
0
0
0
0
0
0
0
0
0
0
0
0
0
0
0
3
5
5
1
2
1
1
4
0
7
9
6
1
23
22
15
19
23
32
57
62
38
88
74
51
65
85
87
82
78
102
97
125
118
122
77
123
189
96
146
191
181
402
260
466
123
175
520
650
381
378
508
467
302
738
758
528
534
408
293
655
398
214
288
414
539
377
386
374
279
323
304
341
572
302
340
388
536
194
371
447
226
347
317
285
168
228
359
567
389
195
267
317
160
462
370
352
337
167
151
153
353
343
465
128
468
197
253
427
487
444
375
317
354
278
466
641
372
536
445
152
389
563
600
916
463
715
221
311
594
878
489
411
499
530
378
487
588
638
452
471
339
232
695
662
468
542

Kansas
0
0
0
0
0
0
0
0
0
0
0
0
0
0
0
0
0
0
0
0
0
0
0
0
0
0
0
0
0
0
0
0
0
0
0
0
0
0
0
0
0
0
0
0
0
0
0
1
0
0
0
0
4
1
2
1
2
6
5
13
14
8
9
16
20
32
39
40
59
61
41
61
54
65
71
77
67
85
51
150
61
64
102
55
47
56
63
92
137
88
77
133
84
177
335
216
249
107
209
194
210
494
205
353
314
208
242
266
347
511
172
122
116
191
200
116
338
53
7
373
49
173
110
297
51
16
137
80
101
60
313
21
31
225
40
138
51
161
24
32
175
62
145
53
168
43
52
269
53
232
85
282
50
40
318
83
451
97
522
38
249
552
61
513
84
789
150
124
793
75
650
224
768
184
312
970
82
810
116
926
39
221
1085
62
770
142
885
61
185
790
55
683
67
879
24

Kentucky
0
0
0
0
0
0
0
0
0
0
0
0
0
0
0
0
0
0
0
0
0
0
0
0
0
0
0
0
0
0
0
0
0
0
0
0
0
0
0
0
0
0
0
0
0
0
1
0
3
1
2
0
4
0
7
3
1
4
9
12
16
21
19
21
33
41
50
54
92
45
41
110
84
73
15
147
139
9
232
104
132
177
149
112
85
162
85
134
93
185
253
90
143
180
175
231
126
169
72
229
163
170
171
2
342
147
452
124
227
125
171
17
224
293
99
295
181
195
20
248
164
131
139
213
124
30
57
276
138
197
178
199
50
213
137
198
296
270
308
34
308
190
138
99
224
253
47
211
36
291
201
238
171
119
154
250
199
271
240
304
143
177
259
198
256
285
54
3
752
356
384
372
500
454
232
365
575
446
469
545
588
850
378
660
531
659
800
767
287
568
626
603
653
849
631

Louisiana
0
0
0
0
0
0
0
0
0
0
0
0
0
0
0
0
0
0
0
0
0
0
0
0
0
0
0
0
0
0
0
0
0
0
0
0
0
0
0
0
0
0
0
0
0
0
0
0
0
1
5
7
1
22
41
26
34
59
84
112
145
226
74
335
216
407
510
441
569
224
485
1213
1187
2728
1147
2201
514
1853
1417
746
1253
970
761
581
421
502
433
581
586
462
348
595
331
463
481
401
372
261
279
218
374
341
710
429
200
363
323
403
253
203
562
183
208
235
612
827
348
280
315
334
329
278
1188
421
117
128
623
336
442
213
0
775
339
431
405
387
429
427
497
330
236
562
418
442
523
1288
336
552
534
928
760
-879
870
393
462
1356
882
938
1354
0
1467
840
1014
2083
1383
1728
0
1937
1101
1936
1888
1843
2642
2167
1319
1705
2215
2091
2280
2179
0
3116
3186
1691
2773
2296
2084
0
3840
2343
1121
1737
1708
1799
0

Maine
0
0
0
0
0
0
0
0
0
0
0
0
0
0
0
0
0
0
0
0
0
0
0
0
0
0
0
0
0
0
0
0
0
0
0
0
0
0
0
0
0
0
0
0
0
0
0
0
0
0
0
0
1
1
1
9
5
15
11
9
5
13
19
18
11
24
13
13
43
42
22
28
41
32
56
24
14
29
20
18
23
26
30
17
65
36
36
26
31
20
20
8
13
19
30
28
25
25
8
17
16
39
28
29
33
20
21
28
76
44
34
28
26
15
38
50
38
45
39
26
28
78
58
71
65
42
19
35
28
52
37
56
43
24
28
41
28
36
42
46
18
18
31
30
54
36
36
17
9
17
42
35
25
19
14
23
23
53
32
52
37
28
34
41
34
45
24
18
8
17
20
26
13
21
19
19
8
12
20
38
10
41
24
12
0
14
20
33
24
18
6
28
22
24
25

Maryland
0
0
0
0
0
0
0
0
0
0
0
0
0
0
0
0
0
0
0
0
0
0
0
0
0
0
0
0
0
0
0
0
0
0
0
0
0
0
0
0
0
0
0
0
0
3
0
0
2
1
3
4
0
5
9
5
7
18
28
23
42
45
50
45
59
74
158
209
276
178
171
247
323
346
427
367
484
436
326
1158
656
783
726
531
711
536
624
755
790
738
513
858
511
581
963
888
1151
820
910
626
742
883
1741
1002
993
948
708
1046
1213
1116
1046
1055
790
691
753
1094
1084
978
837
962
1782
778
1203
894
1069
1311
835
536
752
1292
1297
1031
794
579
796
786
873
917
692
494
431
519
571
709
439
673
393
325
351
561
274
311
415
338
299
400
332
463
307
328
328
477
315
350
513
407
302
233
540
489
469
582
466
557
645
419
712
740
661
704
832
925
553
860
627
658
930
1291
689
1130
655
755
894
1167
1018

Massachusetts
0
0
0
0
0
0
0
0
0
0
0
0
1
0
0
0
0
0
0
0
0
0
0
0
0
0
0
0
0
0
0
0
0
0
0
0
0
0
0
0
0
0
1
0
0
1
5
5
15
13
51
3
13
15
15
26
33
21
38
72
85
112
121
131
382
679
579
823
1017
698
797
868
1118
1228
1436
1334
764
1337
1365
1588
2151
2033
1886
2615
1392
1296
1755
2263
2221
1970
1705
1566
1556
1745
3079
4946
2379
1590
1524
1840
1963
1940
2106
1952
1824
1000
1184
1754
1696
1612
1410
1050
669
870
1165
1685
1239
1512
1077
1042
873
1045
1114
805
773
1013
596
422
527
675
617
789
664
3840
358
429
471
494
575
304
190
263
267
511
392
336
208
87
195
266
271
228
286
125
149
229
172
226
233
373
224
101
114
261
195
290
210
136
163
201
264
295
213
288
199
230
303
217
234
298
359
296
255
244
287
327
338
283
369
289
256
502
414
514
428

Michigan
0
0
0
0
0
0
0
0
0
0
0
0
0
0
0
0
0
0
0
0
0
0
0
0
0
0
0
0
0
0
0
0
0
0
0
0
0
0
0
0
0
0
0
0
0
0
0
0
0
0
2
0
10
13
8
20
1
11
15
254
214
239
246
291
467
502
584
778
979
852
1022
1121
1663
1499
1878
1556
1408
1496
1722
1369
1155
1271
1209
641
994
1355
1049
1226
834
764
631
580
1007
1037
1280
1375
674
701
454
1012
974
905
1000
843
612
193
395
688
564
676
416
381
410
420
361
1182
493
434
638
799
484
651
480
397
439
312
200
224
504
400
645
259
507
1080
245
310
225
4529
452
419
296
279
187
250
254
143
222
56
164
228
286
320
421
152
271
229
338
448
314
329
240
314
494
429
574
453
396
325
376
608
649
587
624
628
437
418
691
1036
896
775
632
551
551
698
707
694
653
427
1085
579
696
1001
900
826
698

Minnesota
0
0
0
0
0
0
0
0
0
0
0
0
0
0
0
0
0
0
0
0
0
0
0
0
0
0
0
0
0
0
0
0
0
0
0
0
0
0
0
0
0
0
0
0
0
0
1
0
1
0
1
2
4
5
7
14
19
6
17
12
26
23
33
64
29
25
57
52
44
62
72
53
60
53
47
76
70
51
83
85
88
93
92
194
29
45
114
103
159
142
143
114
97
154
221
243
261
156
214
365
463
492
594
498
435
571
617
728
785
723
702
481
528
695
423
527
797
729
708
695
666
641
530
805
840
728
742
645
505
483
584
659
660
358
300
363
403
707
521
385
338
299
366
447
479
377
299
222
189
415
379
356
436
453
307
242
297
360
493
417
516
312
442
415
494
414
0
512
433
564
457
574
604
804
710
491
398
574
605
666
457
734
903
350
504
760
767
803
862
650
478
666
745
771
725

Mississippi
0
0
0
0
0
0
0
0
0
0
0
0
0
0
0
0
0
0
0
0
0
0
0
0
0
0
0
0
0
0
0
0
0
0
0
0
0
0
0
0
0
0
0
0
0
0
0
0
0
0
0
1
0
5
0
4
2
9
13
16
30
60
67
42
71
56
110
93
90
90
89
89
136
104
181
97
183
100
177
88
257
209
173
139
161
145
273
264
169
181
300
238
204
178
259
281
284
193
183
248
227
246
397
229
109
327
330
217
262
404
288
123
173
234
182
393
318
322
173
136
272
263
255
402
381
247
206
273
313
328
418
439
272
251
268
302
238
209
265
236
498
341
374
0
608
257
168
283
353
489
381
0
0
0
1265
611
526
1092
550
465
368
669
680
652
870
914
990
226
357
957
674
703
1031
797
868
393
862
1025
1230
1032
1017
792
1251
1635
1547
982
1610
1434
1207
653
1342
1505
1775
1168
1134

Missouri
0
0
0
0
0
0
0
0
0
0
0
0
0
0
0
0
0
0
0
0
0
0
0
0
0
0
0
0
0
0
0
0
0
0
0
0
0
0
0
0
0
0
0
0
0
0
0
1
0
0
0
0
1
2
1
0
4
7
5
14
38
20
37
53
72
129
124
162
167
65
147
301
230
254
279
178
76
355
315
290
212
260
225
136
228
298
209
216
172
234
150
140
134
196
184
304
201
171
174
135
120
137
277
314
300
322
143
245
245
164
164
169
119
99
245
121
77
227
275
156
144
141
147
140
125
192
182
141
187
191
134
169
179
226
299
198
266
229
144
326
174
237
266
262
187
216
57
328
218
221
337
292
375
397
181
415
330
598
491
342
345
494
527
320
490
535
441
273
516
716
777
958
759
589
524
608
1036
920
859
940
827
791
890
1204
1206
1469
1301
1086
1167
1336
1412
1458
1988
1374
940

Montana
0
0
0
0
0
0
0
0
0
0
0
0
0
0
0
0
0
0
0
0
0
0
0
0
0
0
0
0
0
0
0
0
0
0
0
0
0
0
0
0
0
0
0
0
0
0
0
0
0
0
0
0
0
4
2
0
2
0
4
7
0
10
5
11
6
14
25
31
26
14
16
21
21
22
21
19
17
21
0
13
22
11
12
10
7
5
5
11
7
4
7
0
4
2
3
2
1
3
1
2
0
1
0
2
0
2
0
0
0
2
0
0
1
2
1
0
4
2
0
2
1
7
1
0
0
0
0
0
2
4
8
12
10
4
4
2
12
2
1
5
3
6
7
2
10
15
13
8
5
16
25
11
32
19
17
9
23
37
26
23
11
56
48
49
67
45
39
45
37
78
44
95
127
84
81
150
130
111
116
118
88
62
107
101
99
84
189
147
82
64
85
204
134
148
104

Nebraska
0
0
0
0
0
0
0
0
0
0
0
0
0
0
0
0
0
0
0
0
0
0
0
0
0
0
0
0
10
0
0
1
0
0
0
1
1
0
0
0
0
0
0
0
0
0
1
0
2
0
1
6
1
3
2
2
2
3
7
4
6
8
1
11
4
7
7
11
20
16
47
14
50
24
24
42
38
61
53
47
56
84
40
87
65
60
64
100
122
132
125
173
80
100
364
284
424
228
361
126
263
456
506
494
354
437
319
329
419
640
403
95
247
157
340
339
355
454
128
277
221
273
304
238
327
145
221
264
357
285
394
251
196
244
266
255
251
262
164
91
118
136
137
290
198
121
101
125
171
195
189
176
116
103
147
134
129
126
178
251
125
164
130
131
151
184
166
111
115
153
232
221
176
201
179
230
273
262
199
183
184
92
210
343
296
332
356
238
206
281
340
308
219
445
180

Nevada
0
0
0
0
0
0
0
0
0
0
0
0
0
0
0
0
0
0
0
0
0
0
0
0
0
0
0
0
0
0
0
0
0
0
0
0
0
0
0
0
0
0
0
0
0
2
0
0
2
0
0
3
4
8
2
5
19
10
27
17
66
0
25
75
50
90
130
86
117
182
124
69
166
179
91
209
122
91
130
217
138
150
114
140
176
101
75
109
203
102
84
120
107
144
127
190
141
99
70
104
122
119
196
141
83
154
38
79
114
84
104
74
32
159
171
122
129
77
125
124
110
132
103
127
238
117
73
100
91
97
128
144
109
73
157
92
168
188
188
179
142
231
170
248
240
288
207
117
357
179
312
361
452
259
339
483
402
451
448
1041
787
784
611
569
720
1007
793
847
412
918
530
677
906
951
833
852
1072
918
1437
1348
1234
1220
979
800
1154
1329
925
980
926
961
1111
946
1097
1108
1065

New Hampshire
0
0
0
0
0
0
0
0
0
0
0
0
0
0
0
0
0
0
0
0
0
0
0
0
0
0
0
0
0
0
0
0
0
0
0
0
0
0
0
0
0
0
1
1
0
0
0
2
0
0
1
0
1
1
0
6
4
9
13
5
11
10
13
23
7
29
21
29
27
44
56
53
48
64
61
81
48
46
32
41
31
66
44
56
35
71
48
72
76
55
50
55
44
97
82
50
73
71
74
72
44
92
164
119
89
70
48
105
102
104
64
60
89
79
60
83
82
92
40
56
69
147
67
79
75
60
48
34
55
103
103
53
106
34
64
46
81
77
66
24
36
53
46
31
42
48
19
27
19
72
14
36
32
26
14
13
27
40
33
46
30
13
22
20
20
35
14
26
17
18
20
21
18
33
30
14
23
22
26
26
23
15
46
13
33
23
57
40
21
5
59
13
31
39
30

New Jersey
0
0
0
0
0
0
0
0
0
0
0
0
0
0
0
0
0
0
0
0
0
0
0
0
0
0
0
0
0
0
0
0
0
0
0
0
0
0
0
0
0
0
0
0
1
1
2
0
2
5
4
8
6
21
25
23
78
92
159
308
161
440
578
930
831
727
2474
1949
2299
2262
3250
2060
3559
3335
4305
4229
3381
3585
3326
3021
3590
3561
3563
3699
2734
4240
2206
4287
3150
2953
3881
3505
3581
3478
4124
2207
3327
3515
2150
2668
2408
2388
2538
2527
3027
1525
2324
1297
1745
1819
1631
1447
1413
798
817
1144
1201
1184
1245
1705
974
1386
1073
1247
385
1050
938
672
864
1187
1029
764
837
473
627
523
462
806
557
271
333
299
550
470
348
441
276
222
323
277
404
389
338
308
273
319
158
2158
388
289
309
90
395
261
430
386
291
369
209
267
252
231
358
331
339
224
393
390
223
50
263
-31
180
293
335
242
458
513
505
449
483
260
370
690
369

New Mexico
0
0
0
0
0
0
0
0
0
0
0
0
0
0
0
0
0
0
0
0
0
0
0
0
0
0
0
0
0
0
0
0
0
0
0
0
0
0
0
0
0
0
0
0
0
0
0
0
0
0
0
4
2
4
3
4
4
2
5
7
8
14
8
18
17
13
23
55
19
27
45
33
48
40
92
49
80
62
108
71
124
101
84
71
100
62
77
113
114
87
47
126
101
138
169
145
138
66
97
150
238
198
102
219
118
180
107
153
202
181
105
85
206
143
152
139
159
185
91
158
96
146
134
153
170
148
83
104
122
112
129
131
65
111
224
116
213
319
128
140
122
43
145
118
158
95
102
122
88
132
88
107
170
135
129
144
152
202
216
211
190
173
165
129
244
256
287
193
251
220
290
234
298
224
255
263
223
327
297
318
280
235
244
302
311
335
312
313
265
449
289
345
252
212
196

New York
0
0
0
0
0
0
0
0
0
0
0
0
0
0
0
0
0
0
0
0
0
0
0
0
0
0
0
0
0
0
0
0
0
0
0
0
0
0
0
0
0
1
0
1
9
11
22
45
17
36
31
44
109
95
189
122
218
425
1012
1774
2952
3258
4817
5711
4805
7413
5941
5688
8771
6266
7721
8707
8153
8996
10329
12274
8122
9304
8314
9568
10765
10794
10160
8435
6548
7402
11755
8631
7532
7249
6199
4867
4324
5659
6341
8286
10683
6013
4077
3285
4718
4702
3879
4559
3699
2524
2302
2746
3526
2873
2715
2138
1610
1438
2123
2364
2759
2185
1901
1241
1479
1478
2078
1678
1754
1601
1279
1044
1132
1758
1549
1363
1104
945
1361
1043
1053
1042
1083
777
712
690
664
724
821
912
694
623
630
561
626
794
707
665
555
598
575
738
804
697
624
391
458
628
872
919
725
536
516
590
691
588
790
727
679
559
913
834
767
778
752
509
519
855
706
810
758
748
532
613
535
711
779
642
754

North Carolina
0
0
0
0
0
0
0
0
0
0
0
0
0
0
0
0
0
0
0
0
0
0
0
0
0
0
0
0
0
0
0
0
0
0
0
0
0
0
0
0
0
0
0
1
0
0
1
0
0
5
0
1
8
2
7
7
2
8
24
38
40
40
85
33
95
165
77
145
188
194
137
224
64
267
235
309
183
285
350
203
228
255
404
210
268
204
131
340
396
281
353
271
187
269
388
444
496
282
205
533
379
560
415
592
154
203
412
500
648
448
508
396
286
333
448
743
597
819
528
584
641
459
713
727
1070
500
766
191
599
829
1119
1026
925
682
684
961
1263
1141
1392
854
918
812
912
1430
1732
1444
1288
1058
848
1037
1284
1588
1626
1214
986
984
1437
1277
1715
1457
1468
1506
1378
1753
1693
1939
1287
1360
1836
1328
1477
1913
2173
2266
1837
1826
2113
1812
2094
1976
2437
1774
1330
1868
2082
1904
2155
2071
1515
1808
1687
1724
2363
1970
1645

North Dakota
0
0
0
0
0
0
0
0
0
0
0
0
0
0
0
0
0
0
0
0
0
0
0
0
0
0
0
0
0
0
0
0
0
0
0
0
0
0
0
0
0
0
0
0
0
0
0
0
0
0
0
1
0
0
0
0
0
4
2
12
8
1
2
2
5
8
13
10
25
4
12
17
21
12
14
13
21
18
12
14
18
9
15
15
23
10
24
28
46
89
57
42
17
35
30
39
55
64
75
49
42
34
40
46
38
34
41
57
48
54
39
27
27
53
76
65
49
87
52
31
63
101
134
88
48
53
39
-35
20
42
39
34
23
48
21
33
27
39
71
45
19
21
40
39
36
42
22
21
23
43
29
33
25
37
25
7
44
32
28
37
37
44
37
39
42
65
57
37
33
45
72
99
84
89
91
108
51
72
103
124
115
112
107
81
160
126
121
122
140
110
155
86
74
168
133

Ohio
0
0
0
0
0
0
0
0
0
0
0
0
0
0
0
0
0
0
0
0
0
0
0
0
0
0
0
0
0
0
0
0
0
0
0
0
0
0
0
0
0
0
0
0
0
0
0
0
0
3
0
1
1
8
13
11
13
17
23
30
49
78
104
93
120
143
160
277
262
259
268
266
349
355
409
427
304
407
333
366
364
366
372
354
370
305
511
623
693
1115
1380
1317
806
392
577
475
418
376
362
444
534
724
716
592
579
560
495
607
555
887
679
389
699
472
470
636
593
520
449
530
498
484
731
627
613
503
566
529
433
476
651
468
479
471
366
442
490
476
353
365
361
325
413
429
420
424
300
428
434
412
700
609
531
546
729
590
632
892
987
817
854
737
743
1076
1301
1091
926
968
805
948
1277
1150
1525
1358
1378
1261
1142
1316
1290
1679
1542
1110
1236
1047
1527
1444
1560
1438
889
1104
1320
1396
1733
1533
928

Oklahoma
0
0
0
0
0
0
0
0
0
0
0
0
0
0
0
0
0
0
0
0
0
0
0
0
0
0
0
0
0
0
0
0
0
0
0
0
0
0
0
0
0
0
0
0
0
0
1
0
0
0
1
0
0
1
1
4
2
8
11
15
5
4
14
14
25
58
84
74
55
52
52
85
153
160
110
170
92
75
144
53
160
111
74
102
99
115
79
94
108
105
29
81
127
87
123
103
73
60
27
130
63
145
130
103
121
72
83
74
129
94
66
99
24
118
121
110
124
151
73
88
91
43
148
169
111
77
53
47
92
41
68
80
88
67
119
113
102
97
56
91
55
158
116
146
222
225
158
186
228
258
451
352
331
478
218
295
481
438
396
299
302
228
585
355
427
526
580
283
434
858
673
603
596
687
456
510
993
1075
628
699
916
209
168
893
975
668
1147
965
1204
1244
1228
848
1105
746
1250

Oregon
0
0
0
0
0
0
0
0
0
0
0
0
0
0
0
0
0
0
0
0
0
0
0
0
0
0
0
0
0
0
0
0
0
0
0
0
0
0
0
1
0
1
0
0
0
0
0
4
7
0
1
6
10
0
6
3
7
20
8
13
27
23
24
30
18
57
50
99
65
69
58
83
47
90
72
101
68
64
49
58
82
50
76
80
57
49
30
73
49
59
66
46
46
57
68
50
76
58
43
31
61
64
69
56
45
79
80
77
73
79
92
68
58
73
57
63
62
71
11
64
39
75
16
47
24
39
22
19
73
46
46
52
58
60
35
61
76
110
87
137
118
100
72
153
136
155
101
187
280
124
155
202
90
263
170
202
145
143
403
102
238
161
186
324
325
299
294
300
176
241
218
375
254
350
319
341
323
295
412
301
389
355
321
350
179
329
407
320
272
358
297
386
361
344
307

Pennsylvania
0
0
0
0
0
0
0
0
0
0
0
0
0
0
0
0
0
0
0
0
0
0
0
0
0
0
0
0
0
0
0
0
0
0
0
0
0
0
0
0
0
0
0
0
0
0
2
2
2
4
2
4
6
19
6
21
13
20
38
48
82
119
116
140
207
300
539
527
598
626
715
841
808
1216
1399
1690
1480
1485
1507
1832
1965
1749
1646
1181
1340
1296
1213
1510
1807
1621
1250
1013
1379
1379
1571
1964
1328
1083
1019
1595
868
2033
1540
1307
1008
913
975
1022
1160
1352
1160
1376
520
850
787
964
1020
1050
517
931
728
747
1101
1053
797
554
700
517
773
666
761
716
429
516
581
556
557
480
599
494
431
532
446
534
634
410
313
386
390
310
393
508
390
346
642
617
492
455
720
450
385
768
673
638
839
715
504
481
784
799
831
817
940
678
542
584
982
1001
808
1003
608
604
1114
962
807
886
1189
779
652
1222
1134
855
869
934
681

Rhode Island
0
0
0
0
0
0
0
0
0
0
0
0
0
0
0
0
0
0
0
0
0
0
0
0
0
0
0
0
0
0
0
0
0
0
0
0
0
0
0
0
0
2
0
0
0
0
1
0
0
0
2
0
0
15
0
0
1
2
10
11
0
22
17
23
18
8
33
38
36
55
114
80
78
91
54
95
116
160
147
221
277
288
334
316
311
275
278
309
339
314
215
384
410
341
415
443
430
310
269
218
321
374
341
327
188
175
281
272
325
249
210
285
176
164
221
181
203
215
240
121
156
405
215
165
216
113
0
145
143
141
141
184
109
63
121
107
106
116
0
0
201
49
65
106
85
0
0
146
71
49
56
68
0
0
122
74
73
34
21
0
0
103
49
40
88
50
0
0
0
163
50
39
69
0
0
175
101
52
71
82
0
0
111
82
76
86
76
0
0
291
210
75
150
72
0

South Carolina
0
0
0
0
0
0
0
0
0
0
0
0
0
0
0
0
0
0
0
0
0
0
0
0
0
0
0
0
0
0
0
0
0
0
0
0
0
0
0
0
0
0
0
0
0
0
2
0
4
1
2
1
2
1
6
9
5
14
13
21
45
46
22
105
43
83
31
86
119
114
150
158
210
261
146
217
132
183
185
135
240
273
142
112
120
114
103
275
155
160
131
62
169
153
156
153
183
237
123
122
146
214
163
231
137
131
84
95
206
225
164
122
139
135
103
159
218
254
155
126
114
119
204
259
257
201
82
238
207
165
343
263
467
287
267
236
354
448
463
370
514
428
531
682
729
785
841
585
614
561
992
1083
1155
907
1008
912
1284
1125
1313
1604
1381
1324
1755
1520
1782
1831
1854
1461
1533
972
1557
1782
1728
2280
1949
1520
2221
1856
1838
1977
1552
2374
1459
1892
1705
1564
2001
1401
1191
1218
1692
1737
1726
1444
1583

South Dakota
0
0
0
0
0
0
0
0
0
0
0
0
0
0
0
0
0
0
0
0
0
0
0
0
0
0
0
0
0
0
0
0
0
0
0
0
0
0
0
0
0
0
0
0
0
0
0
0
0
0
5
3
0
1
0
0
1
1
0
3
0
0
7
7
2
11
5
12
10
22
10
7
22
36
22
25
28
48
32
73
54
89
90
103
138
120
181
143
100
130
94
50
70
103
98
84
107
66
33
68
61
75
75
62
43
37
53
59
126
239
249
124
97
49
69
60
95
72
28
40
58
92
0
179
112
95
23
67
57
83
73
94
33
41
32
95
86
30
90
71
33
52
81
61
77
91
65
30
38
84
59
49
67
72
29
27
66
60
56
91
55
35
48
62
67
85
50
35
42
58
79
94
65
53
45
25
48
80
42
95
73
44
37
76
58
66
57
105
90
49
48
149
44
79
103

Tennessee
0
0
0
0
0
0
0
0
0
0
0
0
0
0
0
0
0
0
0
0
0
0
0
0
0
0
0
0
0
0
0
0
0
0
0
0
0
0
0
0
0
0
0
0
0
1
0
0
2
1
3
1
10
8
6
7
13
21
25
57
82
75
112
98
156
128
175
199
183
206
152
328
640
179
164
233
273
215
257
236
210
337
190
161
339
171
210
213
346
201
200
170
323
364
488
449
300
517
304
235
281
251
1275
595
495
412
272
182
371
168
399
385
363
354
484
327
329
287
187
376
534
233
436
394
401
351
417
427
400
403
436
477
156
410
1256
526
350
425
560
452
406
648
514
387
452
398
558
771
678
489
492
999
620
496
536
763
804
873
1107
1011
132
1443
1427
1545
1816
1706
1350
1133
1144
1134
2113
1775
1693
1757
1125
2509
1797
2103
2312
2245
2446
1662
1764
2082
2146
2480
2015
1792
2871
2539
2449
1827
2021
2978
2311

Texas
0
0
0
0
0
0
0
0
0
0
0
0
0
0
0
0
0
0
0
0
0
0
0
1
1
0
0
0
0
0
0
0
2
0
0
6
0
0
0
1
0
0
0
0
1
4
3
0
4
1
7
2
8
17
11
11
7
19
60
82
138
161
92
89
129
275
410
429
410
341
343
523
814
550
821
793
551
1033
818
929
1475
919
917
568
711
816
803
822
1203
796
514
594
914
820
937
944
844
715
754
905
971
1233
1270
1091
866
835
1152
1155
1241
1261
906
1188
951
1360
1474
1347
1818
879
962
960
1292
1289
1072
928
1082
599
440
1083
1532
1715
1253
1323
1578
1107
1885
1580
1784
1993
1754
871
1378
1945
2500
2001
2259
2089
1422
2184
4247
3493
3211
4645
4272
3292
4760
5080
6584
5473
5799
6057
3798
6319
7947
8123
7434
7158
6289
4430
9213
9814
9952
10909
9923
8332
6531
8921
10906
11840
15038
9738
8805
7977
7636
9922
10967
9543
7558
7947
4129
6557
10449
9073
10212
9659
6494

Utah
0
0
0
0
0
0
0
0
0
0
0
0
0
0
0
0
0
0
0
0
0
0
0
0
0
0
0
0
0
0
0
0
0
0
0
0
1
0
0
0
0
0
0
0
0
0
2
0
0
0
1
1
2
0
14
8
11
11
14
15
32
26
44
75
42
47
56
78
128
111
87
81
125
65
171
178
192
44
75
123
120
123
105
97
63
52
129
138
126
129
129
142
88
150
170
161
168
173
113
107
156
173
157
152
194
151
123
156
119
195
184
148
113
90
170
136
170
138
170
146
146
187
159
181
203
132
129
101
88
243
329
269
278
197
211
321
300
486
522
218
294
261
343
384
315
380
252
444
320
387
551
570
588
394
468
419
461
629
674
517
420
663
546
500
602
604
647
288
648
550
718
711
820
619
481
730
492
454
680
664
858
687
409
563
588
501
885
560
350
466
438
462
375
535
502

Vermont
0
0
0
0
0
0
0
0
0
0
0
0
0
0
0
0
0
0
0
0
0
0
0
0
0
0
0
0
0
0
0
0
0
0
0
0
0
0
0
0
0
0
0
0
0
0
0
1
0
0
0
1
0
0
3
3
4
2
5
3
7
20
3
23
20
28
35
26
27
24
21
37
28
17
51
72
51
31
32
30
23
51
32
16
21
4
7
9
11
24
9
4
2
5
2
2
16
8
4
7
0
4
13
7
11
5
5
1
8
3
2
5
0
1
2
3
1
1
6
0
4
0
6
2
2
2
6
5
4
3
1
2
4
2
5
2
36
1
19
17
12
9
11
15
9
6
2
3
0
0
5
9
3
12
4
1
20
7
7
2
2
6
0
2
17
9
2
11
2
3
2
16
5
6
13
5
4
13
7
9
4
12
10
6
0
11
8
11
4
2
3
1
1
7
7

Virginia
0
0
0
0
0
0
0
0
0
0
0
0
0
0
0
0
0
0
0
0
0
0
0
0
0
0
0
0
0
0
0
0
0
0
0
0
0
0
0
0
0
0
0
0
0
0
0
1
1
3
3
2
7
13
12
3
6
16
11
16
21
37
67
35
37
99
213
2
134
150
131
229
262
195
305
397
228
241
455
312
397
468
567
197
473
427
329
389
601
561
483
453
640
636
734
596
770
604
565
804
623
885
1055
830
940
821
764
0
1314
772
854
885
989
730
946
1067
859
1011
705
752
1005
763
1229
813
799
495
1483
1615
907
1152
1132
1078
996
791
841
666
951
676
865
1284
570
487
439
470
564
658
637
380
445
444
463
555
650
551
471
529
520
432
624
677
489
453
598
416
532
658
716
639
354
638
635
613
943
851
888
972
801
1084
904
1002
940
1057
945
996
1022
844
1127
1245
958
1505
922
999
911
984
913

Washington
0
1
0
0
0
0
0
0
0
0
0
0
0
0
0
0
0
0
0
0
0
0
0
0
0
0
0
0
0
0
0
0
0
0
0
4
0
0
0
2
3
7
6
9
15
28
11
24
31
38
100
59
81
92
98
66
119
114
118
202
176
251
189
257
368
116
623
562
541
586
283
113
296
997
381
532
486
400
298
415
511
279
339
187
133
164
95
374
299
371
14
391
155
196
375
216
368
179
214
207
325
324
320
249
560
104
187
639
314
290
152
152
391
210
110
369
270
205
178
242
232
122
170
246
214
249
276
273
287
266
286
241
196
458
336
168
223
547
221
297
529
203
144
232
404
344
215
442
372
321
393
382
421
331
646
335
622
598
491
542
310
695
505
717
663
496
382
669
1049
546
598
708
721
236
855
1357
719
747
1264
958
663
712
1348
797
696
813
1024
605
538
1126
1028
724
800
626
921

West Virginia
0
0
0
0
0
0
0
0
0
0
0
0
0
0
0
0
0
0
0
0
0
0
0
0
0
0
0
0
0
0
0
0
0
0
0
0
0
0
0
0
0
0
0
0
0
0
0
0
0
0
0
0
0
0
0
0
0
1
1
3
3
4
4
0
23
12
25
20
17
11
21
17
29
26
25
40
43
22
66
70
41
13
56
22
23
59
28
14
37
49
65
18
21
10
42
29
15
29
24
18
14
16
26
33
11
29
18
34
21
26
24
15
7
9
26
30
13
22
22
10
12
53
36
102
24
42
11
72
45
36
37
17
21
18
28
21
25
17
17
8
17
18
14
24
32
25
16
32
19
35
42
50
32
43
28
22
36
64
36
52
50
38
35
75
74
73
79
130
107
63
202
119
157
163
98
69
94
150
100
126
139
120
100
57
262
89
145
126
139
94
119
153
96
220
93

Wisconsin
0
0
0
0
0
0
0
0
0
0
0
0
0
0
0
0
1
0
0
0
0
0
0
0
0
0
0
0
0
0
0
0
0
0
0
0
0
0
0
0
0
0
0
0
0
0
0
0
0
1
1
3
2
11
8
6
14
25
34
49
61
65
101
36
63
142
131
176
112
78
149
82
201
178
186
196
155
173
138
178
129
183
145
128
87
127
166
154
170
154
147
153
121
225
207
304
331
224
170
208
231
334
460
346
304
272
330
335
314
375
349
280
199
199
286
377
574
514
203
151
279
573
393
590
428
377
284
277
642
646
573
465
169
138
393
665
461
352
274
249
211
274
2656
320
322
293
281
223
299
338
444
302
401
284
251
338
465
552
514
517
481
387
620
584
569
689
678
507
568
516
692
832
1056
681
806
702
913
893
952
882
875
835
801
1139
884
974
1144
840
950
638
791
1005
992
909
1044

Wyoming
0
0
0
0
0
0
0
0
0
0
0
0
0
0
0
0
0
0
0
0
0
0
0
0
0
0
0
0
0
0
0
0
0
0
0
0
0
0
0
0
0
0
0
0
0
0
0
0
0
0
0
1
0
1
1
0
7
5
2
1
4
2
2
2
9
12
7
18
11
3
8
25
17
16
13
22
11
13
8
9
73
17
23
21
9
0
19
1
8
11
10
4
16
5
6
20
4
25
18
16
8
15
7
13
7
10
8
27
4
9
9
9
7
6
13
13
15
25
13
12
10
11
14
2
10
0
30
7
10
16
15
7
5
7
2
3
6
12
6
8
13
10
10
29
18
23
10
19
10
25
30
29
6
18
33
24
28
44
42
24
25
33
37
27
36
32
24
28
41
36
29
34
16
49
23
41
48
34
41
43
39
18
61
51
50
59
58
41
29
45
69
39
58
40
43