COPY AND PASTE THIS DATA INTO A GRAPHING TOOL TO VISUALIZE 
    THE TREND IN ACTIVE CASES FOR THE STATE YOU SELECTED   
0
0
0
0
0
0
0
0
0
0
0
0
0
0
0
0
0
0
0
0
0
0
0
0
0
0
0
0
0
0
0
0
0
0
0
0
0
0
0
0
0
0
0
0
0
0
0
0
0
0
0
0
6
12
23
29
39
51
78
106
131
157
196
242
386
538
639
720
830
947
999
1108
1270
1535
1632
1840
2005
2197
2498
2838
3008
3262
3583
3805
3953
4241
4404
4572
4723
4903
5078
5327
5610
5832
6026
6213
6421
6539
6750
6925
7068
7294
7611
7888
8112
8437
8691
9046
9385
9668
9889
10164
10464
10700
11101
11373
11674
11771
12086
12376
13052
13414
13670
14149
14478
14986
15650
16032
16530
17031
17359
17952
18534
18771
18851
19072
19387
20043
20500
20925
21422
21989
22845
23710
24601
25615
26272
26912
27312
28206
29002
29549
30021
30454
31097
32064
33206
34183
35083
35441
37175
38045
38962
40111
41865
42862
43953
44878
45785
46962
