COPY AND PASTE THIS DATA INTO A GRAPHING TOOL TO VISUALIZE 
    THE TREND IN ACTIVE CASES FOR THE STATE YOU SELECTED   
0
0
0
0
0
0
0
0
0
0
0
0
0
0
0
0
0
0
0
0
0
0
0
0
0
0
0
0
0
0
0
0
0
0
0
0
0
0
0
0
0
0
0
0
0
0
0
0
0
0
0
0
0
0
0
0
0
0
0
0
0
0
0
0
1
3
4
4
5
11
14
28
32
38
44
45
53
64
67
78
80
93
93
104
114
123
137
151
147
160
164
186
201
197
209
213
219
228
242
262
272
289
288
290
298
315
343
369
383
390
393
403
435
450
473
483
485
488
489
504
522
529
541
549
551
566
580
583
591
610
618
630
646
653
653
653
676
689
692
718
729
744
755
769
773
773
774
785
790
810
822
838
839
841
864
891
896
907
919
919
929
950
972
985
1006
1007
1007
1007
1033
1058
